albums 2
FWC 2 1 1 1 1 1 1 1 1 1 1 0 1 1 1 1 0 0 0 1 1 0 1 1 1 1 1 1 0 1
QAT 1 1 1 1 1 1 1 1 0 1 1 0 1 1 1 1 0 1 1 1
ECU 1 1 1 1 1 1 1 1 0 1 1 1 1 0 1 0 1 1 1 0
SEN 1 1 1 1 1 1 0 1 0 0 1 0 1 1 0 1 0 1 1 1
NED 0 1 0 1 1 1 1 1 1 1 1 1 1 1 0 0 1 1 1 1
ENG 1 0 0 1 0 0 0 1 1 0 1 1 1 1 0 1 0 0 1 1
IRN 0 1 1 1 1 0 1 0 0 0 0 0 0 1 0 0 1 1 1 1
USA 1 1 1 1 1 1 1 1 1 1 1 1 1 1 0 0 1 0 0 0
WAL 1 1 1 1 1 0 0 0 1 1 1 0 1 1 1 0 1 1 1 1
ARG 0 0 1 1 1 0 1 1 0 1 1 0 0 1 1 1 1 1 1 1
KSA 0 0 1 0 1 1 1 1 1 1 0 0 1 1 1 1 1 1 1 0
MEX 0 1 1 1 1 1 0 1 0 0 1 1 1 1 1 1 1 1 1 1
POL 0 1 0 1 1 1 1 1 1 1 0 1 1 1 1 1 1 1 0 0
FRA 0 1 0 0 1 1 1 0 0 1 1 0 1 1 1 1 1 1 1 1
AUS 0 1 1 1 1 1 1 1 1 1 1 1 0 1 1 1 0 1 0 0
DEN 1 0 0 1 1 1 1 1 1 1 1 0 1 1 0 1 1 1 1 1
TUN 1 1 0 1 1 0 1 1 1 0 1 1 0 0 1 1 1 1 0 1
ESP 1 0 1 1 1 1 0 0 1 0 1 1 1 1 0 1 1 0 1 1
CRC 1 1 0 1 1 0 0 1 1 1 1 0 1 0 1 1 0 0 1 1
GER 1 0 1 1 1 0 0 0 1 0 0 0 1 1 1 1 1 1 1 1
JPN 1 0 1 0 1 1 1 1 1 1 1 0 1 1 1 0 1 0 1 1
BEL 1 1 1 1 1 1 1 0 1 1 0 1 1 1 0 1 1 0 0 1
CAN 1 1 1 1 1 1 0 1 1 1 1 1 1 1 1 1 1 0 1 1
MAR 1 0 1 1 1 1 1 1 1 0 0 1 1 1 1 1 0 1 1 1
CRO 0 1 0 1 1 1 1 1 1 1 1 1 1 0 1 1 1 1 0 1
BRA 1 1 1 0 1 1 0 0 1 0 0 0 1 1 1 1 1 1 0 1
SRB 0 0 0 0 1 1 1 1 1 1 1 1 0 1 1 1 1 1 1 1
SUI 1 1 0 1 1 1 1 1 1 1 0 1 0 0 1 1 1 1 0 1
CMR 1 1 1 1 1 0 1 1 1 1 0 1 1 1 1 0 0 1 0 1
POR 1 1 1 0 1 1 1 1 1 1 1 1 0 1 0 1 1 1 1 0
GHA 1 0 1 1 1 1 1 0 1 1 0 1 1 1 1 1 0 1 1 1
URU 1 0 1 1 1 1 1 1 0 1 0 1 0 1 1 1 1 1 1 1
KOR 0 0 0 1 1 1 0 1 1 1 1 1 0 1 1 1 1 0 1 1
C 1 0 0 0 0 0 1 0
